0 0.0458984375 0.36813186813186816 0.0908203125 0.1912087912087912
0 0.13818359375 0.3161172161172161 0.0908203125 0.20146520146520147
0 0.15380859375 0.517948717948718 0.1181640625 0.3516483516483517
0 0.291748046875 0.593040293040293 0.09814453125 0.19413919413919414
0 0.58935546875 0.35201465201465204 0.1171875 0.21318681318681318
0 0.629638671875 0.07472527472527472 0.21923828125 0.14505494505494507
0 0.769775390625 0.3476190476190476 0.17236328125 0.3391941391941392
0 0.6923828125 0.49853479853479854 0.1220703125 0.25274725274725274
0 0.96826171875 0.38424908424908427 0.0615234375 0.3142857142857143
0 0.955078125 0.684981684981685 0.0888671875 0.3384615384615385
0 0.760498046875 0.6498168498168498 0.06787109375 0.14652014652014653
0 0.810302734375 0.7326007326007326 0.23291015625 0.41611721611721614
