0 0.089111328125 0.5344322344322344 0.06591796875 0.11501831501831501
0 0.373291015625 0.2164835164835165 0.08056640625 0.21611721611721613
0 0.4609375 0.3142857142857143 0.09375 0.12307692307692308
0 0.48974609375 0.5113553113553113 0.08203125 0.22271062271062272
0 0.52685546875 0.4695970695970696 0.0595703125 0.147985347985348
0 0.673828125 0.3241758241758242 0.1064453125 0.14871794871794872
0 0.67626953125 0.5205128205128206 0.103515625 0.3201465201465201
0 0.752685546875 0.4282051282051282 0.06494140625 0.11941391941391942
0 0.759765625 0.5362637362637362 0.091796875 0.11428571428571428
0 0.187255859375 0.3769230769230769 0.12353515625 0.2835164835164835
0 0.1357421875 0.47216117216117215 0.0712890625 0.15311355311355312
0 0.864013671875 0.29523809523809524 0.06103515625 0.11721611721611722
