0 0.076416015625 0.41208791208791207 0.06689453125 0.1282051282051282
0 0.194091796875 0.3384615384615385 0.08544921875 0.0967032967032967
0 0.14599609375 0.4340659340659341 0.0576171875 0.10329670329670329
0 0.01318359375 0.5175824175824176 0.0263671875 0.05347985347985348
0 0.228271484375 0.4912087912087912 0.05810546875 0.16483516483516483
0 0.28466796875 0.5098901098901099 0.072265625 0.12307692307692308
0 0.265625 0.5494505494505495 0.04296875 0.08058608058608059
0 0.369140625 0.5567765567765568 0.0537109375 0.12747252747252746
0 0.423828125 0.5805860805860806 0.03515625 0.073992673992674
0 0.63134765625 0.547985347985348 0.0791015625 0.15531135531135531
0 0.7197265625 0.5783882783882784 0.0908203125 0.10622710622710622
0 0.641357421875 0.42124542124542125 0.06396484375 0.1054945054945055
0 0.70556640625 0.4282051282051282 0.072265625 0.22197802197802197
0 0.95703125 0.5531135531135531 0.0693359375 0.15384615384615385
