0 0.28076171875 0.6617838541666666 0.119140625 0.16471354166666666
0 0.432373046875 0.6666666666666666 0.04638671875 0.11458333333333333
0 0.491943359375 0.5865885416666666 0.05224609375 0.08203125
0 0.5185546875 0.6653645833333334 0.046875 0.11588541666666667
0 0.56689453125 0.6845703125 0.0625 0.13997395833333334
0 0.671142578125 0.5432942708333334 0.06005859375 0.09049479166666667
0 0.68505859375 0.6656901041666666 0.0732421875 0.14778645833333334
0 0.80029296875 0.6015625 0.0537109375 0.1171875
0 0.740234375 0.61328125 0.0546875 0.09244791666666667
0 0.741455078125 0.8388671875 0.06005859375 0.130859375
0 0.91064453125 0.6298828125 0.0625 0.08658854166666667
