0 0.1513671875 0.6190476190476191 0.0849609375 0.14358974358974358
0 0.246826171875 0.6483516483516484 0.05029296875 0.11135531135531136
0 0.283447265625 0.5695970695970696 0.06884765625 0.1706959706959707
0 0.362060546875 0.6124542124542125 0.06787109375 0.15384615384615385
0 0.478759765625 0.7135531135531136 0.06494140625 0.11428571428571428
0 0.53857421875 0.6065934065934065 0.0517578125 0.1347985347985348
0 0.6064453125 0.5578754578754579 0.0009765625 0.0007326007326007326
0 0.58544921875 0.5934065934065934 0.0439453125 0.07179487179487179
0 0.782470703125 0.5626373626373626 0.08154296875 0.12161172161172161
0 0.866455078125 0.5853479853479854 0.08544921875 0.1391941391941392
0 0.970458984375 0.5018315018315018 0.05322265625 0.1391941391941392
