0 0.121826171875 0.36813186813186816 0.12646484375 0.2542124542124542
0 0.19580078125 0.508058608058608 0.0556640625 0.16923076923076924
0 0.23583984375 0.4117216117216117 0.08984375 0.2725274725274725
0 0.3134765625 0.3120879120879121 0.07421875 0.2490842490842491
0 0.36279296875 0.38168498168498166 0.0869140625 0.19926739926739928
0 0.3427734375 0.5626373626373626 0.068359375 0.17582417582417584
0 0.518310546875 0.46593406593406594 0.05517578125 0.10256410256410256
0 0.587890625 0.4593406593406593 0.0810546875 0.17435897435897435
0 0.66064453125 0.3879120879120879 0.06640625 0.1794871794871795
0 0.71826171875 0.4684981684981685 0.0576171875 0.17362637362637362
0 0.7666015625 0.4318681318681319 0.0615234375 0.18827838827838828
0 0.8076171875 0.47326007326007324 0.06640625 0.14945054945054945
0 0.9833984375 0.5637362637362637 0.03125 0.16923076923076924
