0 0.31884765625 0.6945054945054945 0.09765625 0.22417582417582418
0 0.84423828125 0.5560439560439561 0.0537109375 0.13186813186813187
0 0.6943359375 0.4663003663003663 0.064453125 0.13113553113553114
0 0.6552734375 0.5326007326007326 0.0498046875 0.15824175824175823
0 0.113525390625 0.48937728937728936 0.05419921875 0.08498168498168499
0 0.12646484375 0.5472527472527473 0.0478515625 0.063003663003663
0 0.18896484375 0.5234432234432235 0.08203125 0.14725274725274726
0 0.40087890625 0.36666666666666664 0.0869140625 0.19267399267399268
0 0.318603515625 0.31135531135531136 0.05419921875 0.0761904761904762
0 0.279296875 0.4575091575091575 0.0830078125 0.08571428571428572
0 0.341064453125 0.47216117216117215 0.11669921875 0.22783882783882783
0 0.87451171875 0.3241758241758242 0.080078125 0.1282051282051282
0 0.8359375 0.4358974358974359 0.0703125 0.11135531135531136
0 0.884033203125 0.4553113553113553 0.05322265625 0.12673992673992673
0 0.9326171875 0.4490842490842491 0.09375 0.10989010989010989
0 0.959716796875 0.3952380952380952 0.05224609375 0.0945054945054945
0 0.984130859375 0.4827838827838828 0.03076171875 0.16996336996336997
0 0.23876953125 0.5915750915750916 0.037109375 0.08571428571428572
