0 0.03173828125 0.5402930402930403 0.0615234375 0.18534798534798536
0 0.107177734375 0.3728937728937729 0.09033203125 0.12161172161172161
0 0.132080078125 0.5146520146520146 0.07666015625 0.16923076923076924
0 0.15087890625 0.6490842490842491 0.04296875 0.0673992673992674
0 0.33935546875 0.5315018315018315 0.0859375 0.1794871794871795
0 0.390380859375 0.4424908424908425 0.04638671875 0.15531135531135531
0 0.432373046875 0.4641025641025641 0.07080078125 0.21611721611721613
0 0.445556640625 0.652014652014652 0.06494140625 0.11135531135531136
0 0.670654296875 0.4575091575091575 0.07666015625 0.2205128205128205
0 0.744140625 0.5868131868131868 0.0703125 0.22271062271062272
0 0.804443359375 0.5465201465201465 0.07666015625 0.22271062271062272
0 0.8720703125 0.7728937728937729 0.0810546875 0.19487179487179487
