0 0.022216796875 0.7208791208791209 0.04345703125 0.09963369963369964
0 0.019287109375 0.4703296703296703 0.03564453125 0.15677655677655677
0 0.060546875 0.5263736263736264 0.0615234375 0.13992673992673993
0 0.0859375 0.5091575091575091 0.0517578125 0.0967032967032967
0 0.2119140625 0.6963369963369963 0.0478515625 0.12673992673992673
0 0.22998046875 0.5684981684981685 0.068359375 0.12161172161172161
0 0.287109375 0.595970695970696 0.064453125 0.09597069597069598
0 0.37646484375 0.49413919413919416 0.0517578125 0.07545787545787545
0 0.373291015625 0.5677655677655677 0.05224609375 0.10402930402930403
0 0.431396484375 0.6194139194139194 0.06591796875 0.09157509157509157
0 0.45068359375 0.6402930402930402 0.048828125 0.14505494505494507
0 0.530517578125 0.6783882783882784 0.10498046875 0.13333333333333333
0 0.6787109375 0.33003663003663003 0.0830078125 0.16923076923076924
0 0.70751953125 0.45494505494505494 0.0537109375 0.14945054945054945
0 0.751220703125 0.5406593406593406 0.06494140625 0.14212454212454212
0 0.82177734375 0.49340659340659343 0.0634765625 0.18534798534798536
0 0.842529296875 0.6296703296703297 0.09619140625 0.13846153846153847
0 0.909423828125 0.6076923076923076 0.05615234375 0.10915750915750916
