0 0.03369140625 0.42857142857142855 0.064453125 0.17582417582417584
0 0.12255859375 0.4897435897435897 0.1123046875 0.16776556776556775
0 0.109619140625 0.8391941391941392 0.09130859375 0.136996336996337
0 0.26025390625 0.358974358974359 0.1064453125 0.25054945054945055
0 0.30322265625 0.46483516483516485 0.123046875 0.3010989010989011
0 0.431884765625 0.48717948717948717 0.05517578125 0.08498168498168499
0 0.377197265625 0.2175824175824176 0.14990234375 0.2139194139194139
0 0.668701171875 0.7014652014652014 0.09619140625 0.263003663003663
0 0.76416015625 0.747985347985348 0.125 0.3487179487179487
0 0.88134765625 0.6490842490842491 0.1162109375 0.19194139194139195
0 0.873291015625 0.32783882783882784 0.18115234375 0.1457875457875458
0 0.869384765625 0.46263736263736266 0.12451171875 0.1619047619047619
