0 0.01318359375 0.3120879120879121 0.0263671875 0.25934065934065936
0 0.052490234375 0.4703296703296703 0.06494140625 0.20952380952380953
0 0.18603515625 0.5608058608058608 0.0537109375 0.09304029304029304
0 0.1416015625 0.4468864468864469 0.060546875 0.12454212454212454
0 0.205078125 0.40402930402930404 0.044921875 0.10329670329670329
0 0.305908203125 0.5593406593406594 0.07958984375 0.33186813186813185
0 0.363037109375 0.508058608058608 0.08447265625 0.14871794871794872
0 0.44091796875 0.46813186813186813 0.060546875 0.21245421245421245
0 0.43115234375 0.8465201465201465 0.0439453125 0.08571428571428572
0 0.525390625 0.8032967032967033 0.0595703125 0.13113553113553114
0 0.6787109375 0.2304029304029304 0.0830078125 0.23516483516483516
0 0.6416015625 0.41904761904761906 0.0859375 0.22124542124542124
0 0.785888671875 0.319047619047619 0.11181640625 0.1706959706959707
0 0.796630859375 0.436996336996337 0.06591796875 0.10915750915750916
