0 0.08935546875 0.5688644688644688 0.0830078125 0.21904761904761905
0 0.164306640625 0.5860805860805861 0.07177734375 0.11135531135531136
0 0.218505859375 0.4553113553113553 0.05419921875 0.16923076923076924
0 0.2568359375 0.49340659340659343 0.0634765625 0.23663003663003662
0 0.323974609375 0.7604395604395604 0.05224609375 0.0673992673992674
0 0.317138671875 0.4908424908424908 0.08544921875 0.3047619047619048
0 0.466552734375 0.42454212454212453 0.07568359375 0.3128205128205128
0 0.36865234375 0.4684981684981685 0.0859375 0.23809523809523808
0 0.493896484375 0.6091575091575091 0.13720703125 0.1663003663003663
0 0.61083984375 0.6216117216117216 0.091796875 0.16923076923076924
0 0.562255859375 0.35384615384615387 0.11181640625 0.12454212454212454
0 0.56884765625 0.4622710622710623 0.072265625 0.09084249084249084
0 0.64208984375 0.40512820512820513 0.080078125 0.25054945054945055
0 0.793701171875 0.37326007326007327 0.06689453125 0.24835164835164836
