0 0.065185546875 0.38864468864468865 0.09912109375 0.09010989010989011
0 0.07373046875 0.550915750915751 0.115234375 0.2857142857142857
0 0.22265625 0.5435897435897435 0.0712890625 0.16117216117216118
0 0.532958984375 0.6157509157509158 0.05029296875 0.09157509157509157
0 0.61865234375 0.5783882783882784 0.0693359375 0.13553113553113552
0 0.681640625 0.6402930402930402 0.064453125 0.18315018315018314
0 0.72607421875 0.41318681318681316 0.1025390625 0.18168498168498168
0 0.815185546875 0.5406593406593406 0.11572265625 0.23003663003663002
0 0.943359375 0.2347985347985348 0.09765625 0.08864468864468865
0 0.92236328125 0.38461538461538464 0.0556640625 0.10256410256410256
0 0.974853515625 0.3934065934065934 0.04931640625 0.20073260073260074
