0 0.120361328125 0.45567765567765567 0.07080078125 0.16117216117216118
0 0.24755859375 0.5967032967032967 0.064453125 0.13406593406593406
0 0.348388671875 0.5838827838827839 0.05810546875 0.17582417582417584
0 0.39892578125 0.5879120879120879 0.0498046875 0.08278388278388278
0 0.426025390625 0.39853479853479856 0.08740234375 0.1347985347985348
0 0.5146484375 0.310989010989011 0.0595703125 0.1282051282051282
0 0.53857421875 0.5600732600732601 0.09375 0.19267399267399268
0 0.682861328125 0.5058608058608058 0.09423828125 0.12380952380952381
0 0.7265625 0.39853479853479856 0.16015625 0.20512820512820512
0 0.796875 0.5252747252747253 0.1142578125 0.2608058608058608
0 0.495361328125 0.6329670329670329 0.09716796875 0.21684981684981686
0 0.00927734375 0.5831501831501832 0.017578125 0.08058608058608059
