0 0.028076171875 0.59765625 0.05615234375 0.21223958333333334
0 0.08544921875 0.59765625 0.0771484375 0.18880208333333334
0 0.146240234375 0.5263671875 0.05810546875 0.154296875
0 0.295166015625 0.6451822916666666 0.11083984375 0.19140625
0 0.380859375 0.4807942708333333 0.0478515625 0.10091145833333333
0 0.487548828125 0.4612630208333333 0.07763671875 0.216796875
0 0.554443359375 0.5481770833333334 0.03857421875 0.03515625
0 0.517578125 0.642578125 0.03515625 0.08203125
0 0.5595703125 0.6194661458333334 0.03515625 0.027994791666666668
0 0.65087890625 0.6975911458333334 0.046875 0.10091145833333333
0 0.755859375 0.451171875 0.0576171875 0.06770833333333333
0 0.748779296875 0.5149739583333334 0.04150390625 0.07291666666666667
0 0.734130859375 0.6399739583333334 0.06591796875 0.17447916666666666
0 0.804443359375 0.5862630208333334 0.09912109375 0.10221354166666667
0 0.9228515625 0.6321614583333334 0.017578125 0.05078125
0 0.954345703125 0.6181640625 0.03369140625 0.025390625
0 0.945068359375 0.6604817708333334 0.01513671875 0.042317708333333336
0 0.96044921875 0.6448567708333334 0.009765625 0.024088541666666668
0 0.978271484375 0.568359375 0.03076171875 0.06380208333333333
