0 0.033447265625 0.5149739583333334 0.06689453125 0.20703125
0 0.099853515625 0.4602864583333333 0.07373046875 0.17578125
0 0.133544921875 0.5966796875 0.04931640625 0.095703125
0 0.16455078125 0.4892578125 0.0341796875 0.043619791666666664
0 0.19384765625 0.5621744791666666 0.0634765625 0.091796875
0 0.21875 0.5123697916666666 0.0439453125 0.09505208333333333
0 0.241455078125 0.4192708333333333 0.07763671875 0.08854166666666667
0 0.29296875 0.4742838541666667 0.0390625 0.111328125
0 0.377685546875 0.484375 0.09228515625 0.17708333333333334
0 0.35595703125 0.6067708333333334 0.0712890625 0.15104166666666666
0 0.549072265625 0.587890625 0.04931640625 0.06510416666666667
0 0.595458984375 0.6002604166666666 0.04931640625 0.13802083333333334
0 0.629150390625 0.5315755208333334 0.05224609375 0.13346354166666666
0 0.44775390625 0.4140625 0.0185546875 0.057291666666666664
0 0.4638671875 0.4244791666666667 0.0185546875 0.046875
0 0.678955078125 0.5123697916666666 0.05712890625 0.11328125
0 0.681640625 0.392578125 0.072265625 0.125
0 0.745849609375 0.4970703125 0.08935546875 0.13606770833333334
0 0.770751953125 0.572265625 0.11962890625 0.048177083333333336
0 0.75146484375 0.626953125 0.041015625 0.0546875
0 0.8388671875 0.4781901041666667 0.0185546875 0.07747395833333333
0 0.809326171875 0.4345703125 0.01220703125 0.016276041666666668
