0 0.0244140625 0.5128205128205128 0.04296875 0.0967032967032967
0 0.602783203125 0.3824175824175824 0.06689453125 0.18168498168498168
0 0.688232421875 0.3153846153846154 0.07568359375 0.11208791208791209
0 0.8271484375 0.53003663003663 0.0732421875 0.16483516483516483
0 0.27880859375 0.4604395604395604 0.1025390625 0.2293040293040293
0 0.364501953125 0.24945054945054945 0.08544921875 0.21172161172161172
0 0.450439453125 0.27802197802197803 0.12841796875 0.1663003663003663
0 0.408203125 0.3901098901098901 0.0419921875 0.16336996336996337
0 0.44384765625 0.6014652014652014 0.0927734375 0.3018315018315018
0 0.3779296875 0.6417582417582418 0.0419921875 0.12307692307692308
0 0.554931640625 0.6644688644688644 0.12255859375 0.2945054945054945
0 0.751708984375 0.5216117216117216 0.05126953125 0.16703296703296702
0 0.9814453125 0.4725274725274725 0.0361328125 0.12161172161172161
