0 0.046630859375 0.4830729166666667 0.07861328125 0.171875
0 0.240966796875 0.6207682291666666 0.06884765625 0.11263020833333333
0 0.274169921875 0.4755859375 0.06689453125 0.146484375
0 0.3046875 0.517578125 0.048828125 0.10677083333333333
0 0.296142578125 0.6318359375 0.03857421875 0.083984375
0 0.370361328125 0.3688151041666667 0.09033203125 0.21419270833333334
0 0.485107421875 0.4163411458333333 0.14111328125 0.14388020833333334
0 0.408935546875 0.7154947916666666 0.12060546875 0.16927083333333334
0 0.479736328125 0.6858723958333334 0.05322265625 0.189453125
0 0.525634765625 0.6223958333333334 0.08056640625 0.22786458333333334
0 0.588134765625 0.4983723958333333 0.07177734375 0.19856770833333334
0 0.656005859375 0.529296875 0.07861328125 0.20572916666666666
0 0.617431640625 0.3365885416666667 0.10009765625 0.171875
0 0.72412109375 0.6217447916666666 0.078125 0.12239583333333333
0 0.80517578125 0.5999348958333334 0.07421875 0.21809895833333334
0 0.90087890625 0.52734375 0.0595703125 0.203125
0 0.930419921875 0.6328125 0.06787109375 0.12109375
0 0.971923828125 0.5970052083333334 0.05517578125 0.22265625
0 0.9716796875 0.7594401041666666 0.041015625 0.076171875
0 0.365966796875 0.5439453125 0.02294921875 0.042317708333333336
0 0.400634765625 0.5032552083333334 0.02783203125 0.04296875
0 0.44970703125 0.5179036458333334 0.015625 0.035807291666666664
