0 0.029052734375 0.6318681318681318 0.05712890625 0.20146520146520147
0 0.0595703125 0.5047619047619047 0.03125 0.05860805860805861
0 0.983154296875 0.3509157509157509 0.03076171875 0.07179487179487179
0 0.946044921875 0.48827838827838826 0.06005859375 0.20146520146520147
0 0.891357421875 0.4835164835164835 0.04931640625 0.18608058608058609
0 0.607666015625 0.7593406593406593 0.06982421875 0.1912087912087912
0 0.782958984375 0.31868131868131866 0.17822265625 0.1509157509157509
0 0.712158203125 0.526007326007326 0.10009765625 0.27106227106227104
0 0.54345703125 0.7798534798534799 0.0693359375 0.1956043956043956
0 0.574951171875 0.4336996336996337 0.05615234375 0.2315018315018315
0 0.516845703125 0.4293040293040293 0.05615234375 0.10989010989010989
0 0.51318359375 0.6472527472527473 0.1044921875 0.27472527472527475
0 0.437744140625 0.5556776556776557 0.11083984375 0.25567765567765566
0 0.291259765625 0.34395604395604396 0.14013671875 0.10622710622710622
0 0.318359375 0.463003663003663 0.1103515625 0.18168498168498168
0 0.124755859375 0.42967032967032964 0.06298828125 0.12234432234432234
0 0.183837890625 0.35018315018315016 0.10107421875 0.24322344322344322
0 0.157958984375 0.5373626373626373 0.06591796875 0.23663003663003662
0 0.211669921875 0.5457875457875457 0.04345703125 0.15677655677655677
0 0.265380859375 0.547985347985348 0.06298828125 0.2153846153846154
0 0.74267578125 0.3934065934065934 0.0634765625 0.10989010989010989
