0 0.158447265625 0.5091575091575091 0.08154296875 0.18021978021978022
0 0.235595703125 0.5344322344322344 0.06689453125 0.17509157509157508
0 0.257568359375 0.593040293040293 0.03173828125 0.08278388278388278
0 0.3046875 0.6047619047619047 0.0634765625 0.15897435897435896
0 0.365234375 0.5098901098901099 0.0732421875 0.1509157509157509
0 0.3779296875 0.7054945054945055 0.0625 0.1684981684981685
0 0.53076171875 0.563003663003663 0.0546875 0.17655677655677657
0 0.600341796875 0.5065934065934066 0.05029296875 0.16923076923076924
0 0.573974609375 0.3534798534798535 0.03759765625 0.14871794871794872
0 0.720947265625 0.5663003663003663 0.05224609375 0.08937728937728938
0 0.754150390625 0.5087912087912088 0.03271484375 0.060805860805860805
0 0.8134765625 0.7509157509157509 0.056640625 0.1934065934065934
0 0.76318359375 0.7388278388278389 0.0498046875 0.1619047619047619
0 0.77734375 0.5967032967032967 0.0380859375 0.046153846153846156
0 0.8271484375 0.5901098901098901 0.0693359375 0.10329670329670329
0 0.88525390625 0.5021978021978022 0.048828125 0.15897435897435896
