0 0.0810546875 0.4989010989010989 0.0810546875 0.18608058608058609
0 0.091552734375 0.38278388278388276 0.05810546875 0.047619047619047616
0 0.2216796875 0.4076923076923077 0.076171875 0.21172161172161172
0 0.328857421875 0.36007326007326007 0.05908203125 0.1326007326007326
0 0.34375 0.27326007326007323 0.1044921875 0.08498168498168499
0 0.399658203125 0.4523809523809524 0.09326171875 0.2336996336996337
0 0.478271484375 0.4146520146520147 0.07177734375 0.08351648351648351
0 0.46875 0.31355311355311355 0.1181640625 0.11868131868131868
0 0.562255859375 0.39487179487179486 0.06884765625 0.1728937728937729
0 0.58154296875 0.4706959706959707 0.03515625 0.08717948717948718
0 0.599853515625 0.2010989010989011 0.06884765625 0.20586080586080585
0 0.713134765625 0.19743589743589743 0.04345703125 0.10622710622710622
0 0.707763671875 0.38058608058608057 0.06005859375 0.19267399267399268
0 0.661376953125 0.6553113553113553 0.08642578125 0.1838827838827839
0 0.6865234375 0.5358974358974359 0.0380859375 0.05641025641025641
0 0.774658203125 0.5194139194139195 0.09716796875 0.24761904761904763
0 0.836669921875 0.5981684981684982 0.06005859375 0.06813186813186813
