0 0.01025390625 0.5341796875 0.0185546875 0.10481770833333333
0 0.091064453125 0.4986979166666667 0.07861328125 0.0703125
0 0.170654296875 0.5797526041666666 0.04541015625 0.11263020833333333
0 0.117431640625 0.5712890625 0.06689453125 0.08138020833333333
0 0.20556640625 0.6617838541666666 0.064453125 0.185546875
0 0.25244140625 0.5611979166666666 0.08203125 0.21614583333333334
0 0.288330078125 0.6376953125 0.02490234375 0.095703125
0 0.32373046875 0.5774739583333334 0.06640625 0.15104166666666666
0 0.21826171875 0.3899739583333333 0.0185546875 0.03515625
0 0.4013671875 0.404296875 0.1142578125 0.16015625
0 0.398681640625 0.5087890625 0.05029296875 0.16341145833333334
0 0.446533203125 0.6552734375 0.05712890625 0.15169270833333334
0 0.55615234375 0.68359375 0.0390625 0.07942708333333333
0 0.51318359375 0.6575520833333334 0.046875 0.0625
0 0.5185546875 0.587890625 0.0458984375 0.0625
0 0.55517578125 0.5699869791666666 0.05859375 0.14127604166666666
0 0.594970703125 0.5198567708333334 0.06201171875 0.177734375
0 0.637939453125 0.5582682291666666 0.02490234375 0.09440104166666667
0 0.6767578125 0.6321614583333334 0.0517578125 0.19010416666666666
0 0.738037109375 0.5198567708333334 0.09716796875 0.080078125
0 0.748046875 0.6018880208333334 0.0556640625 0.091796875
0 0.811279296875 0.447265625 0.07763671875 0.10546875
0 0.928955078125 0.59765625 0.06689453125 0.13802083333333334
0 0.92529296875 0.7076822916666666 0.1044921875 0.11197916666666667
0 0.983642578125 0.6142578125 0.03076171875 0.15299479166666666
0 0.967529296875 0.388671875 0.05810546875 0.07552083333333333
