0 0.03076171875 0.4313151041666667 0.0615234375 0.08528645833333333
0 0.06640625 0.4231770833333333 0.0166015625 0.02734375
0 0.123291015625 0.4866536458333333 0.05029296875 0.09700520833333333
0 0.1025390625 0.5865885416666666 0.041015625 0.045572916666666664
0 0.236572265625 0.4365234375 0.07861328125 0.14518229166666666
0 0.25 0.6295572916666666 0.033203125 0.032552083333333336
0 0.31201171875 0.4886067708333333 0.0458984375 0.11393229166666667
0 0.39501953125 0.5159505208333334 0.0615234375 0.18294270833333334
0 0.34033203125 0.591796875 0.0810546875 0.13932291666666666
0 0.34912109375 0.7262369791666666 0.0302734375 0.042317708333333336
0 0.392333984375 0.62890625 0.05029296875 0.07421875
0 0.439208984375 0.669921875 0.05712890625 0.16145833333333334
0 0.479248046875 0.609375 0.06982421875 0.18359375
0 0.527587890625 0.6162109375 0.02978515625 0.142578125
0 0.490478515625 0.5035807291666666 0.04052734375 0.055338541666666664
0 0.570556640625 0.6640625 0.03955078125 0.049479166666666664
0 0.59765625 0.5934244791666666 0.07421875 0.15690104166666666
0 0.647705078125 0.5384114583333334 0.06396484375 0.15234375
0 0.709716796875 0.4921875 0.01806640625 0.02734375
0 0.83203125 0.6940104166666666 0.12109375 0.20963541666666666
0 0.948974609375 0.5260416666666666 0.07763671875 0.14192708333333334
0 0.826904296875 0.5608723958333334 0.02001953125 0.06705729166666667
0 0.85986328125 0.5367838541666666 0.025390625 0.06315104166666667
0 0.728515625 0.5084635416666666 0.0185546875 0.037760416666666664
0 0.756591796875 0.5078125 0.01708984375 0.032552083333333336
