0 0.781982421875 0.1663003663003663 0.09521484375 0.19487179487179487
0 0.863037109375 0.34212454212454213 0.08935546875 0.252014652014652
0 0.844970703125 0.463003663003663 0.12841796875 0.24615384615384617
0 0.7890625 0.782051282051282 0.0439453125 0.047619047619047616
0 0.85107421875 0.6714285714285714 0.068359375 0.1663003663003663
0 0.465576171875 0.7172161172161172 0.10595703125 0.2358974358974359
0 0.6474609375 0.6175824175824176 0.078125 0.2695970695970696
0 0.65283203125 0.40402930402930404 0.0625 0.1413919413919414
0 0.688232421875 0.3838827838827839 0.07080078125 0.23443223443223443
0 0.54638671875 0.3717948717948718 0.091796875 0.12380952380952381
0 0.49462890625 0.5161172161172162 0.1201171875 0.19267399267399268
0 0.328857421875 0.47655677655677653 0.06494140625 0.2205128205128205
0 0.265380859375 0.5157509157509158 0.08349609375 0.3487179487179487
0 0.182373046875 0.47985347985347987 0.07275390625 0.2681318681318681
0 0.11767578125 0.6556776556776557 0.0869140625 0.20366300366300366
0 0.049560546875 0.5673992673992674 0.09423828125 0.2336996336996337
0 0.06396484375 0.3824175824175824 0.068359375 0.1347985347985348
0 0.148193359375 0.5798534798534799 0.09619140625 0.34798534798534797
