0 0.40478515625 0.252014652014652 0.0654296875 0.20659340659340658
0 0.203125 0.3131868131868132 0.0849609375 0.1663003663003663
0 0.8681640625 0.42234432234432234 0.087890625 0.10183150183150183
0 0.790283203125 0.3992673992673993 0.05615234375 0.05128205128205128
0 0.8173828125 0.5051282051282051 0.083984375 0.2175824175824176
0 0.735595703125 0.6688644688644688 0.07275390625 0.1772893772893773
0 0.69873046875 0.6014652014652014 0.0498046875 0.16556776556776556
0 0.523681640625 0.5498168498168499 0.07861328125 0.17362637362637362
0 0.62890625 0.5619047619047619 0.1240234375 0.29304029304029305
0 0.42041015625 0.4490842490842491 0.125 0.16117216117216118
0 0.469482421875 0.6076923076923076 0.07177734375 0.1706959706959707
0 0.1318359375 0.5600732600732601 0.1015625 0.32454212454212455
0 0.21826171875 0.5296703296703297 0.0712890625 0.21684981684981686
0 0.25634765625 0.6410256410256411 0.0517578125 0.10989010989010989
0 0.296142578125 0.4981684981684982 0.09814453125 0.273992673992674
