0 0.96044921875 0.38754578754578756 0.0576171875 0.22124542124542124
0 0.928466796875 0.5428571428571428 0.03076171875 0.03956043956043956
0 0.02587890625 0.4424908424908425 0.0517578125 0.18021978021978022
0 0.169921875 0.11538461538461539 0.0771484375 0.17509157509157508
0 0.16845703125 0.2772893772893773 0.083984375 0.22490842490842491
0 0.091552734375 0.31135531135531136 0.11669921875 0.0967032967032967
0 0.076416015625 0.43333333333333335 0.05419921875 0.16776556776556775
0 0.0595703125 0.6615384615384615 0.1083984375 0.2578754578754579
0 0.091552734375 0.8014652014652015 0.06103515625 0.24468864468864468
0 0.272705078125 0.8205128205128205 0.05908203125 0.13333333333333333
0 0.593505859375 0.4267399267399267 0.05029296875 0.17655677655677657
0 0.7470703125 0.5271062271062271 0.0771484375 0.15604395604395604
0 0.861083984375 0.6249084249084249 0.05322265625 0.16996336996336997
0 0.462646484375 0.5655677655677656 0.06005859375 0.2813186813186813
0 0.39990234375 0.5278388278388279 0.0595703125 0.13406593406593406
0 0.209716796875 0.9054945054945055 0.06787109375 0.18754578754578755
0 0.216552734375 0.7472527472527473 0.14306640625 0.2139194139194139
0 0.30908203125 0.4608058608058608 0.1611328125 0.3750915750915751
0 0.805419921875 0.24065934065934066 0.09619140625 0.20146520146520147
0 0.74462890625 0.22087912087912087 0.0419921875 0.06373626373626373
0 0.84716796875 0.5278388278388279 0.087890625 0.12234432234432234
