0 0.06396484375 0.5347985347985348 0.0478515625 0.17582417582417584
0 0.125732421875 0.5805860805860806 0.09130859375 0.15164835164835164
0 0.1796875 0.6454212454212455 0.076171875 0.13333333333333333
0 0.23876953125 0.7054945054945055 0.060546875 0.18754578754578755
0 0.202392578125 0.8391941391941392 0.07666015625 0.16923076923076924
0 0.443603515625 0.4358974358974359 0.06787109375 0.2857142857142857
0 0.40576171875 0.6073260073260073 0.046875 0.07912087912087912
0 0.49462890625 0.5879120879120879 0.05859375 0.20146520146520147
0 0.617919921875 0.6388278388278388 0.06494140625 0.0967032967032967
0 0.875 0.5062271062271062 0.0810546875 0.1597069597069597
0 0.783935546875 0.5263736263736264 0.06591796875 0.18974358974358974
0 0.713134765625 0.5736263736263736 0.05810546875 0.20366300366300366
0 0.6572265625 0.735897435897436 0.0654296875 0.16336996336996337
0 0.67822265625 0.6329670329670329 0.068359375 0.12014652014652015
