0 0.099609375 0.15677655677655677 0.0751953125 0.13333333333333333
0 0.088623046875 0.6996336996336996 0.14599609375 0.1523809523809524
0 0.013916015625 0.44761904761904764 0.02685546875 0.23296703296703297
0 0.0791015625 0.4695970695970696 0.109375 0.30036630036630035
0 0.295166015625 0.42454212454212453 0.09228515625 0.2600732600732601
0 0.362548828125 0.43113553113553116 0.06103515625 0.18827838827838828
0 0.3994140625 0.6311355311355311 0.0546875 0.1706959706959707
0 0.45556640625 0.8743589743589744 0.0732421875 0.1575091575091575
0 0.55078125 0.8238095238095238 0.111328125 0.22637362637362637
0 0.550048828125 0.5461538461538461 0.11181640625 0.2336996336996337
0 0.67724609375 0.3586080586080586 0.099609375 0.3509157509157509
0 0.749755859375 0.3054945054945055 0.07958984375 0.1684981684981685
0 0.806640625 0.4846153846153846 0.103515625 0.33772893772893775
0 0.83935546875 0.6216117216117216 0.0966796875 0.326007326007326
0 0.884765625 0.7322344322344322 0.1220703125 0.32454212454212455
0 0.666259765625 0.763003663003663 0.12451171875 0.2644688644688645
0 0.6064453125 0.5967032967032967 0.072265625 0.15018315018315018
0 0.574951171875 0.16483516483516483 0.18310546875 0.1728937728937729
0 0.5166015625 0.2934065934065934 0.0634765625 0.3391941391941392
0 0.461181640625 0.47216117216117215 0.06201171875 0.15604395604395604
