0 0.932373046875 0.7051282051282052 0.04736328125 0.1413919413919414
0 0.162353515625 0.6846153846153846 0.06884765625 0.13553113553113552
0 0.220458984375 0.613919413919414 0.06494140625 0.1641025641025641
0 0.28564453125 0.6765567765567766 0.0771484375 0.2
0 0.33056640625 0.5062271062271062 0.0546875 0.1597069597069597
0 0.108154296875 0.6509157509157509 0.06884765625 0.15457875457875458
0 0.0771484375 0.5399267399267399 0.052734375 0.12161172161172161
0 0.045654296875 0.47655677655677653 0.05322265625 0.136996336996337
0 0.0859375 0.35494505494505496 0.0869140625 0.12380952380952381
0 0.390380859375 0.47435897435897434 0.06982421875 0.22197802197802197
0 0.454345703125 0.4937728937728938 0.08740234375 0.22271062271062272
0 0.443359375 0.6205128205128205 0.0341796875 0.04981684981684982
0 0.478759765625 0.6805860805860806 0.04931640625 0.15677655677655677
0 0.510986328125 0.4586080586080586 0.03857421875 0.08791208791208792
0 0.540771484375 0.5787545787545788 0.07177734375 0.18461538461538463
0 0.74853515625 0.6355311355311355 0.078125 0.20732600732600734
0 0.633056640625 0.6047619047619047 0.07177734375 0.34798534798534797
0 0.699462890625 0.43040293040293043 0.13134765625 0.12234432234432234
0 0.709228515625 0.7567765567765568 0.08349609375 0.1978021978021978
0 0.674072265625 0.6827838827838828 0.05908203125 0.08937728937728938
0 0.48974609375 0.247985347985348 0.0625 0.1443223443223443
