0 0.415771484375 0.6545787545787546 0.03955078125 0.09157509157509157
0 0.310546875 0.48937728937728936 0.0703125 0.1772893772893773
0 0.36767578125 0.5531135531135531 0.044921875 0.15384615384615385
0 0.65625 0.5003663003663004 0.0517578125 0.14505494505494507
0 0.72607421875 0.6326007326007326 0.072265625 0.1282051282051282
0 0.912841796875 0.5534798534798535 0.06494140625 0.18681318681318682
0 0.958251953125 0.4776556776556777 0.05224609375 0.07765567765567766
0 0.953125 0.5684981684981685 0.044921875 0.10402930402930403
0 0.984130859375 0.5761904761904761 0.02392578125 0.13992673992673993
0 0.553466796875 0.3791208791208791 0.06005859375 0.09010989010989011
0 0.53466796875 0.526007326007326 0.0947265625 0.23296703296703297
0 0.475830078125 0.5989010989010989 0.06103515625 0.18974358974358974
