0 0.388671875 0.7496744791666666 0.126953125 0.16341145833333334
0 0.548583984375 0.7828776041666666 0.08447265625 0.19466145833333334
0 0.720458984375 0.5673828125 0.05712890625 0.15950520833333334
0 0.042236328125 0.6145833333333334 0.05224609375 0.12630208333333334
0 0.10595703125 0.5608723958333334 0.0869140625 0.12565104166666666
0 0.037841796875 0.4895833333333333 0.06884765625 0.13411458333333334
0 0.34716796875 0.5022786458333334 0.0791015625 0.16731770833333334
0 0.4267578125 0.4638671875 0.048828125 0.103515625
0 0.441650390625 0.5989583333333334 0.08544921875 0.11458333333333333
0 0.5771484375 0.5071614583333334 0.0517578125 0.14322916666666666
0 0.642333984375 0.4573567708333333 0.06298828125 0.14908854166666666
0 0.57177734375 0.626953125 0.0869140625 0.11588541666666667
0 0.783447265625 0.3479817708333333 0.09130859375 0.21809895833333334
0 0.812255859375 0.525390625 0.12744140625 0.19140625
0 0.970947265625 0.4908854166666667 0.05615234375 0.17447916666666666
0 0.708984375 0.4615885416666667 0.0625 0.059895833333333336
0 0.4892578125 0.6858723958333334 0.060546875 0.07877604166666667
