0 0.85302734375 0.4336996336996337 0.0966796875 0.3355311355311355
0 0.1318359375 0.4531135531135531 0.12109375 0.31868131868131866
0 0.484130859375 0.8062271062271062 0.10693359375 0.38461538461538464
0 0.5625 0.578021978021978 0.1171875 0.13186813186813187
0 0.37060546875 0.7025641025641025 0.078125 0.26373626373626374
0 0.74609375 0.4523809523809524 0.0810546875 0.15164835164835164
0 0.669677734375 0.46813186813186813 0.09912109375 0.33406593406593404
0 0.417724609375 0.1043956043956044 0.07177734375 0.1794871794871795
0 0.19775390625 0.31355311355311355 0.080078125 0.1304029304029304
0 0.295654296875 0.36227106227106226 0.07373046875 0.10183150183150183
0 0.451171875 0.31355311355311355 0.0986328125 0.10989010989010989
0 0.39599609375 0.4142857142857143 0.0751953125 0.08864468864468865
0 0.407958984375 0.5128205128205128 0.14892578125 0.1509157509157509
