0 0.30126953125 0.5545787545787546 0.1181640625 0.3018315018315018
0 0.049072265625 0.5076923076923077 0.09814453125 0.1641025641025641
0 0.47705078125 0.49413919413919416 0.0966796875 0.18095238095238095
0 0.56640625 0.3677655677655678 0.05078125 0.15824175824175823
0 0.47119140625 0.35201465201465204 0.0478515625 0.12234432234432234
0 0.37158203125 0.593040293040293 0.0869140625 0.29816849816849816
0 0.358642578125 0.3831501831501832 0.06005859375 0.13333333333333333
0 0.687744140625 0.4622710622710623 0.07568359375 0.3032967032967033
0 0.73779296875 0.5271062271062271 0.078125 0.2454212454212454
0 0.260009765625 0.6289377289377289 0.05126953125 0.21465201465201464
0 0.888916015625 0.3824175824175824 0.08251953125 0.13333333333333333
0 0.944091796875 0.5157509157509158 0.07568359375 0.07912087912087912
0 0.7626953125 0.3322344322344322 0.0537109375 0.11941391941391942
