0 0.265625 0.7908424908424908 0.07421875 0.27912087912087913
0 0.72265625 0.5604395604395604 0.0419921875 0.1347985347985348
0 0.686767578125 0.41684981684981687 0.09326171875 0.12161172161172161
0 0.908935546875 0.6135531135531136 0.06494140625 0.1912087912087912
0 0.842041015625 0.5443223443223443 0.06201171875 0.21831501831501832
0 0.3564453125 0.1967032967032967 0.1142578125 0.24395604395604395
0 0.32470703125 0.6256410256410256 0.0673828125 0.16996336996336997
0 0.3359375 0.4644688644688645 0.0771484375 0.19633699633699633
0 0.45751953125 0.36923076923076925 0.060546875 0.07472527472527472
0 0.24560546875 0.389010989010989 0.04296875 0.15531135531135531
0 0.24365234375 0.5021978021978022 0.119140625 0.13113553113553114
0 0.011474609375 0.5238095238095238 0.02294921875 0.09377289377289377
0 0.01416015625 0.6717948717948717 0.0283203125 0.1597069597069597
