0 0.193359375 0.20549450549450549 0.1240234375 0.17362637362637362
0 0.13916015625 0.7124542124542125 0.0888671875 0.2937728937728938
0 0.24365234375 0.5439560439560439 0.083984375 0.27326007326007323
0 0.201171875 0.6926739926739927 0.068359375 0.2893772893772894
0 0.136962890625 0.42417582417582417 0.09326171875 0.20073260073260074
0 0.474853515625 0.5835164835164836 0.04931640625 0.12527472527472527
0 0.687744140625 0.5622710622710623 0.09912109375 0.37142857142857144
0 0.76416015625 0.7032967032967034 0.072265625 0.36336996336996336
0 0.850341796875 0.684981684981685 0.09423828125 0.3355311355311355
0 0.846435546875 0.4391941391941392 0.12548828125 0.2205128205128205
