0 0.627685546875 0.6881510416666666 0.06787109375 0.17708333333333334
0 0.666259765625 0.5397135416666666 0.05322265625 0.11458333333333333
0 0.552734375 0.5755208333333334 0.12890625 0.2825520833333333
0 0.442626953125 0.6832682291666666 0.05810546875 0.08268229166666667
0 0.348876953125 0.4098307291666667 0.10791015625 0.22721354166666666
0 0.115234375 0.2545572916666667 0.08984375 0.24088541666666666
0 0.063720703125 0.5348307291666666 0.06396484375 0.111328125
0 0.28955078125 0.6422526041666666 0.0888671875 0.138671875
0 0.20263671875 0.693359375 0.1083984375 0.2721354166666667
0 0.354736328125 0.587890625 0.15478515625 0.11067708333333333
0 0.94287109375 0.6507161458333334 0.06640625 0.103515625
0 0.864990234375 0.5149739583333334 0.08154296875 0.18489583333333334
