0 0.787841796875 0.4315018315018315 0.13525390625 0.27692307692307694
0 0.234375 0.4424908424908425 0.08203125 0.2652014652014652
0 0.08154296875 0.7798534798534799 0.0908203125 0.2967032967032967
0 0.564697265625 0.19413919413919414 0.06103515625 0.18461538461538463
0 0.516357421875 0.247985347985348 0.06787109375 0.1956043956043956
0 0.339599609375 0.4641025641025641 0.08740234375 0.2893772893772894
0 0.433837890625 0.41904761904761906 0.07080078125 0.31062271062271063
0 0.70458984375 0.7417582417582418 0.1162109375 0.27472527472527475
0 0.798828125 0.6743589743589744 0.130859375 0.19413919413919414
0 0.966064453125 0.610989010989011 0.06689453125 0.25347985347985347
0 0.88916015625 0.7443223443223443 0.046875 0.09084249084249084
