0 0.40478515625 0.7959706959706959 0.119140625 0.26886446886446885
0 0.750732421875 0.5941391941391941 0.25927734375 0.46886446886446886
0 0.953125 0.42967032967032964 0.0927734375 0.35824175824175825
0 0.97412109375 0.6974358974358974 0.05078125 0.1391941391941392
0 0.547119140625 0.43040293040293043 0.10400390625 0.45494505494505494
0 0.119384765625 0.517948717948718 0.12158203125 0.5567765567765568
0 0.176025390625 0.5783882783882784 0.12646484375 0.40512820512820513
0 0.249267578125 0.5003663003663004 0.13037109375 0.5684981684981685
0 0.336181640625 0.5377289377289377 0.08447265625 0.2622710622710623
0 0.37841796875 0.39304029304029303 0.1044921875 0.42857142857142855
0 0.510009765625 0.5238095238095238 0.13427734375 0.22124542124542124
0 0.607177734375 0.5981684981684982 0.10107421875 0.26593406593406593
0 0.611328125 0.2216117216117216 0.171875 0.21465201465201464
