0 0.03369140625 0.5865885416666666 0.0673828125 0.17578125
0 0.173095703125 0.5543619791666666 0.12158203125 0.4055989583333333
0 0.242431640625 0.4749348958333333 0.10205078125 0.255859375
0 0.33935546875 0.4593098958333333 0.1025390625 0.24544270833333334
0 0.24609375 0.2994791666666667 0.0634765625 0.09505208333333333
0 0.35302734375 0.2529296875 0.0712890625 0.12565104166666666
0 0.5166015625 0.5908203125 0.0849609375 0.4212239583333333
0 0.591064453125 0.6409505208333334 0.08544921875 0.458984375
0 0.65087890625 0.6764322916666666 0.09375 0.3346354166666667
0 0.701904296875 0.4674479166666667 0.14990234375 0.10677083333333333
0 0.860595703125 0.3880208333333333 0.10400390625 0.42578125
0 0.749755859375 0.2962239583333333 0.20849609375 0.20833333333333334
0 0.74755859375 0.6526692708333334 0.0498046875 0.12565104166666666
