0 0.4853515625 0.5647786458333334 0.04296875 0.06966145833333333
0 0.83837890625 0.7737630208333334 0.111328125 0.22981770833333334
0 0.6435546875 0.5354817708333334 0.078125 0.2610677083333333
0 0.753662109375 0.19889322916666666 0.05224609375 0.091796875
0 0.98095703125 0.546875 0.0302734375 0.06901041666666667
0 0.42333984375 0.5849609375 0.03125 0.06705729166666667
0 0.417236328125 0.43359375 0.09423828125 0.2643229166666667
0 0.20263671875 0.5940755208333334 0.0498046875 0.11263020833333333
0 0.124755859375 0.580078125 0.10595703125 0.2421875
0 0.72314453125 0.4856770833333333 0.091796875 0.27734375
0 0.863037109375 0.4970703125 0.10009765625 0.24153645833333334
0 0.06005859375 0.4000651041666667 0.1201171875 0.15169270833333334
0 0.03759765625 0.5354817708333334 0.0751953125 0.17252604166666666
