0 0.817626953125 0.6959706959706959 0.06689453125 0.13186813186813187
0 0.131103515625 0.47435897435897434 0.08544921875 0.13553113553113552
0 0.02294921875 0.5304029304029304 0.0458984375 0.31794871794871793
0 0.27099609375 0.4249084249084249 0.064453125 0.31648351648351647
0 0.36328125 0.3637362637362637 0.060546875 0.2717948717948718
0 0.511474609375 0.4534798534798535 0.07568359375 0.13333333333333333
0 0.586669921875 0.5948717948717949 0.06201171875 0.3194139194139194
0 0.433837890625 0.584981684981685 0.04638671875 0.0695970695970696
0 0.18310546875 0.22637362637362637 0.0751953125 0.08351648351648351
0 0.67626953125 0.6824175824175824 0.0791015625 0.16776556776556775
0 0.971923828125 0.5717948717948718 0.05419921875 0.08717948717948718
