0 0.201171875 0.6095238095238096 0.060546875 0.2652014652014652
0 0.233154296875 0.42637362637362636 0.06396484375 0.2857142857142857
0 0.312255859375 0.5186813186813187 0.06396484375 0.24761904761904763
0 0.370849609375 0.6175824175824176 0.09326171875 0.11868131868131868
0 0.44775390625 0.4256410256410256 0.109375 0.18168498168498168
0 0.6181640625 0.4388278388278388 0.064453125 0.252014652014652
0 0.688232421875 0.473992673992674 0.05810546875 0.2139194139194139
0 0.5888671875 0.4860805860805861 0.03515625 0.15311355311355312
0 0.75634765625 0.5794871794871795 0.0556640625 0.2813186813186813
0 0.81884765625 0.5937728937728938 0.05078125 0.12234432234432234
0 0.87158203125 0.5406593406593406 0.0546875 0.13333333333333333
0 0.120361328125 0.5644688644688645 0.03857421875 0.13113553113553114
0 0.166259765625 0.5941391941391941 0.04248046875 0.1509157509157509
0 0.958984375 0.43333333333333335 0.07421875 0.1663003663003663
