0 0.900146484375 0.5446886446886446 0.08544921875 0.1706959706959707
0 0.845458984375 0.4421245421245421 0.09228515625 0.25860805860805863
0 0.079833984375 0.5893772893772894 0.15771484375 0.4065934065934066
0 0.08984375 0.336996336996337 0.08203125 0.12747252747252746
0 0.6943359375 0.48937728937728936 0.0927734375 0.2945054945054945
0 0.60595703125 0.45897435897435895 0.12109375 0.2043956043956044
0 0.732666015625 0.3293040293040293 0.12158203125 0.22344322344322345
0 0.197265625 0.3076923076923077 0.060546875 0.2358974358974359
0 0.33935546875 0.4835164835164835 0.099609375 0.295970695970696
0 0.259765625 0.426007326007326 0.0888671875 0.34212454212454213
0 0.829833984375 0.6304029304029304 0.04345703125 0.09304029304029304
0 0.2646484375 0.15311355311355312 0.091796875 0.15384615384615385
