0 0.1005859375 0.33076923076923076 0.0712890625 0.10622710622710622
0 0.171142578125 0.7131868131868132 0.04931640625 0.11941391941391942
0 0.412841796875 0.5175824175824176 0.02685546875 0.0652014652014652
0 0.428955078125 0.4652014652014652 0.02392578125 0.03663003663003663
0 0.637451171875 0.4545787545787546 0.05908203125 0.1413919413919414
0 0.60205078125 0.47619047619047616 0.0224609375 0.0336996336996337
0 0.179443359375 0.6124542124542125 0.04833984375 0.0761904761904762
0 0.066162109375 0.495970695970696 0.03955078125 0.147985347985348
0 0.077392578125 0.3882783882783883 0.03759765625 0.1010989010989011
0 0.141357421875 0.5311355311355311 0.02587890625 0.09230769230769231
0 0.147216796875 0.49047619047619045 0.04150390625 0.1326007326007326
0 0.501953125 0.37032967032967035 0.046875 0.1706959706959707
0 0.53076171875 0.4351648351648352 0.033203125 0.0673992673992674
0 0.56884765625 0.46703296703296704 0.04296875 0.1413919413919414
0 0.427490234375 0.3879120879120879 0.05908203125 0.08424908424908426
0 0.453369140625 0.3641025641025641 0.06005859375 0.1054945054945055
0 0.54345703125 0.23186813186813188 0.056640625 0.07692307692307693
0 0.7646484375 0.27106227106227104 0.076171875 0.1347985347985348
0 0.80615234375 0.4457875457875458 0.03515625 0.060805860805860805
0 0.86376953125 0.6208791208791209 0.0361328125 0.06666666666666667
0 0.903564453125 0.6307692307692307 0.03955078125 0.07032967032967033
0 0.85546875 0.4175824175824176 0.060546875 0.1391941391941392
0 0.811279296875 0.3238095238095238 0.09130859375 0.06593406593406594
0 0.96923828125 0.5692307692307692 0.0234375 0.04981684981684982
0 0.298828125 0.6065934065934065 0.025390625 0.08498168498168499
