0 0.011962890625 0.8033854166666666 0.02392578125 0.1328125
0 0.195556640625 0.5436197916666666 0.06591796875 0.14973958333333334
0 0.206298828125 0.6279296875 0.06884765625 0.107421875
0 0.103515625 0.5358072916666666 0.0400390625 0.0703125
0 0.416015625 0.732421875 0.0791015625 0.234375
0 0.35693359375 0.6015625 0.1025390625 0.14583333333333334
0 0.5576171875 0.5810546875 0.0517578125 0.10221354166666667
0 0.45458984375 0.5133463541666666 0.1376953125 0.20377604166666666
0 0.538330078125 0.6471354166666666 0.03564453125 0.033854166666666664
0 0.31591796875 0.6559244791666666 0.07421875 0.15299479166666666
0 0.103271484375 0.5807291666666666 0.08447265625 0.06901041666666667
0 0.7080078125 0.7255859375 0.044921875 0.07356770833333333
0 0.9443359375 0.6692708333333334 0.0869140625 0.15104166666666666
0 0.975341796875 0.6370442708333334 0.04833984375 0.146484375
0 0.751220703125 0.46875 0.06005859375 0.14713541666666666
