0 0.20166015625 0.6805860805860806 0.052734375 0.10256410256410256
0 0.027099609375 0.5824175824175825 0.05419921875 0.08791208791208792
0 0.59033203125 0.6424908424908425 0.0595703125 0.16996336996336997
0 0.740478515625 0.5417582417582417 0.04248046875 0.0652014652014652
0 0.4052734375 0.43553113553113554 0.0703125 0.14871794871794872
0 0.41845703125 0.5344322344322344 0.0302734375 0.0652014652014652
0 0.470458984375 0.5571428571428572 0.04443359375 0.11648351648351649
0 0.487548828125 0.4868131868131868 0.07763671875 0.22637362637362637
0 0.545654296875 0.421978021978022 0.05615234375 0.16263736263736264
0 0.71435546875 0.43003663003663006 0.1015625 0.09230769230769231
0 0.629150390625 0.24505494505494504 0.04052734375 0.05641025641025641
0 0.60693359375 0.33296703296703295 0.076171875 0.12967032967032968
0 0.626953125 0.4633699633699634 0.0947265625 0.13992673992673993
0 0.029052734375 0.5131868131868131 0.03173828125 0.047619047619047616
0 0.8974609375 0.40402930402930404 0.0810546875 0.1912087912087912
0 0.94775390625 0.4545787545787546 0.1025390625 0.11941391941391942
