0 0.562255859375 0.5098901098901099 0.03076171875 0.10256410256410256
0 0.582763671875 0.4805860805860806 0.03076171875 0.0967032967032967
0 0.682861328125 0.6095238095238096 0.04052734375 0.08058608058608059
0 0.400634765625 0.5157509157509158 0.04833984375 0.09084249084249084
0 0.20166015625 0.42527472527472526 0.0322265625 0.07252747252747253
0 0.16943359375 0.3758241758241758 0.0634765625 0.11428571428571428
0 0.223876953125 0.3139194139194139 0.05224609375 0.1326007326007326
0 0.2880859375 0.5054945054945055 0.041015625 0.13186813186813187
0 0.306884765625 0.4512820512820513 0.05810546875 0.18021978021978022
0 0.2763671875 0.384981684981685 0.0517578125 0.09743589743589744
0 0.45166015625 0.5318681318681319 0.03125 0.04542124542124542
0 0.80029296875 0.5970695970695971 0.029296875 0.0380952380952381
0 0.920654296875 0.5794871794871795 0.04931640625 0.1054945054945055
0 0.916259765625 0.40476190476190477 0.04345703125 0.11941391941391942
0 0.982421875 0.36996336996337 0.033203125 0.04249084249084249
0 0.784423828125 0.4608058608058608 0.05419921875 0.16556776556776556
0 0.759765625 0.5490842490842491 0.0390625 0.08131868131868132
0 0.715087890625 0.5926739926739927 0.02587890625 0.0380952380952381
0 0.833251953125 0.40805860805860805 0.05126953125 0.1728937728937729
0 0.866943359375 0.44505494505494503 0.03369140625 0.07545787545787545
0 0.254638671875 0.5087912087912088 0.02001953125 0.060805860805860805
