0 0.142333984375 0.6703296703296703 0.04150390625 0.0761904761904762
0 0.104736328125 0.4666666666666667 0.06103515625 0.08644688644688645
0 0.08984375 0.5527472527472528 0.03515625 0.060805860805860805
0 0.058837890625 0.4901098901098901 0.03955078125 0.09816849816849817
0 0.017578125 0.49743589743589745 0.03515625 0.12747252747252746
0 0.0478515625 0.5765567765567765 0.0380859375 0.08644688644688645
0 0.078369140625 0.38461538461538464 0.09814453125 0.10695970695970695
0 0.274169921875 0.46996336996336996 0.05908203125 0.18534798534798536
0 0.299560546875 0.5344322344322344 0.03564453125 0.1413919413919414
0 0.445556640625 0.4945054945054945 0.06494140625 0.1934065934065934
0 0.49658203125 0.36446886446886445 0.048828125 0.1619047619047619
0 0.5341796875 0.5 0.033203125 0.08131868131868132
0 0.508056640625 0.5545787545787546 0.03564453125 0.046886446886446886
0 0.57763671875 0.6531135531135531 0.0712890625 0.11208791208791209
0 0.599853515625 0.526007326007326 0.04345703125 0.06593406593406594
0 0.552490234375 0.4472527472527473 0.04931640625 0.1663003663003663
0 0.640625 0.5604395604395604 0.0498046875 0.08791208791208792
0 0.6572265625 0.6197802197802198 0.0380859375 0.05860805860805861
0 0.678955078125 0.47912087912087914 0.04150390625 0.063003663003663
0 0.76123046875 0.5663003663003663 0.0361328125 0.09084249084249084
0 0.71435546875 0.4633699633699634 0.0693359375 0.10476190476190476
0 0.853271484375 0.44395604395604393 0.04541015625 0.1509157509157509
0 0.808837890625 0.3967032967032967 0.05615234375 0.1457875457875458
0 0.72314453125 0.5835164835164836 0.0400390625 0.11941391941391942
