0 0.16845703125 0.47655677655677653 0.060546875 0.0695970695970696
0 0.058349609375 0.382051282051282 0.05224609375 0.073992673992674
0 0.272216796875 0.43223443223443225 0.03369140625 0.08351648351648351
0 0.22802734375 0.4901098901098901 0.048828125 0.063003663003663
0 0.169677734375 0.4197802197802198 0.05126953125 0.06886446886446887
0 0.22802734375 0.37655677655677655 0.0673828125 0.16263736263736264
0 0.27197265625 0.27326007326007323 0.0849609375 0.19194139194139195
0 0.357666015625 0.5 0.03369140625 0.07106227106227106
0 0.39404296875 0.4611721611721612 0.0478515625 0.1443223443223443
0 0.3388671875 0.38534798534798537 0.052734375 0.147985347985348
0 0.008056640625 0.45164835164835165 0.01611328125 0.04468864468864469
0 0.690673828125 0.5358974358974359 0.04345703125 0.10183150183150183
0 0.653564453125 0.5377289377289377 0.05126953125 0.1010989010989011
0 0.56884765625 0.40695970695970696 0.064453125 0.21025641025641026
0 0.583740234375 0.5113553113553113 0.06396484375 0.17875457875457876
0 0.592041015625 0.2783882783882784 0.05615234375 0.07179487179487179
0 0.637451171875 0.39816849816849814 0.05615234375 0.12673992673992673
0 0.689453125 0.2945054945054945 0.052734375 0.14065934065934066
0 0.728271484375 0.3677655677655678 0.04248046875 0.06446886446886448
0 0.800537109375 0.43626373626373627 0.04833984375 0.09010989010989011
0 0.7939453125 0.33589743589743587 0.052734375 0.10329670329670329
0 0.84814453125 0.4289377289377289 0.0556640625 0.08571428571428572
0 0.84765625 0.3509157509157509 0.0537109375 0.060073260073260075
0 0.966064453125 0.4857142857142857 0.05712890625 0.14212454212454212
0 0.91015625 0.40293040293040294 0.05859375 0.1641025641025641
0 0.990478515625 0.5560439560439561 0.01806640625 0.147985347985348
