0 0.328857421875 0.6919413919413919 0.07861328125 0.09743589743589744
0 0.418701171875 0.5391941391941392 0.04736328125 0.09230769230769231
0 0.26416015625 0.47655677655677653 0.0732421875 0.18095238095238095
0 0.402587890625 0.3443223443223443 0.06787109375 0.1728937728937729
0 0.552734375 0.2021978021978022 0.0615234375 0.19047619047619047
0 0.661865234375 0.4021978021978022 0.05029296875 0.06593406593406594
0 0.64013671875 0.27912087912087913 0.0908203125 0.1523809523809524
0 0.1669921875 0.27289377289377287 0.083984375 0.18681318681318682
0 0.013916015625 0.42234432234432234 0.02783203125 0.1838827838827839
0 0.08447265625 0.6054945054945055 0.033203125 0.10622710622710622
0 0.112548828125 0.6512820512820513 0.04833984375 0.13186813186813187
0 0.113525390625 0.41684981684981687 0.04931640625 0.08058608058608059
0 0.09375 0.35421245421245423 0.091796875 0.1706959706959707
0 0.513671875 0.44505494505494503 0.0859375 0.11355311355311355
0 0.572998046875 0.4758241758241758 0.04931640625 0.08424908424908426
0 0.54833984375 0.5047619047619047 0.0546875 0.1010989010989011
0 0.59423828125 0.521978021978022 0.05078125 0.11648351648351649
0 0.816162109375 0.4666666666666667 0.05908203125 0.14652014652014653
0 0.890869140625 0.6315018315018315 0.04541015625 0.08351648351648351
0 0.88232421875 0.4564102564102564 0.0625 0.14212454212454212
0 0.923828125 0.28608058608058606 0.0751953125 0.20146520146520147
0 0.958984375 0.38058608058608057 0.0810546875 0.23809523809523808
