0 0.0400390625 0.5498168498168499 0.04296875 0.07692307692307693
0 0.08154296875 0.4512820512820513 0.060546875 0.16703296703296702
0 0.170654296875 0.5230769230769231 0.07275390625 0.19487179487179487
0 0.358154296875 0.6838827838827839 0.05322265625 0.18827838827838828
0 0.307861328125 0.6523809523809524 0.05419921875 0.17509157509157508
0 0.361328125 0.5344322344322344 0.0634765625 0.1575091575091575
0 0.546142578125 0.45677655677655676 0.06103515625 0.12380952380952381
0 0.66845703125 0.6523809523809524 0.0595703125 0.1282051282051282
0 0.771240234375 0.5798534798534799 0.03564453125 0.05054945054945055
0 0.804443359375 0.5311355311355311 0.05517578125 0.10842490842490843
0 0.93603515625 0.5 0.052734375 0.10183150183150183
0 0.9892578125 0.4347985347985348 0.01953125 0.1076923076923077
0 0.743896484375 0.49304029304029307 0.05029296875 0.08791208791208792
0 0.724853515625 0.5673992673992674 0.04931640625 0.14725274725274726
0 0.7314453125 0.4135531135531135 0.03515625 0.10036630036630037
0 0.27587890625 0.526007326007326 0.037109375 0.09816849816849817
0 0.300048828125 0.35824175824175825 0.07275390625 0.1304029304029304
0 0.24853515625 0.46190476190476193 0.068359375 0.2087912087912088
