0 0.927001953125 0.5400390625 0.07958984375 0.16731770833333334
0 0.816650390625 0.53125 0.10986328125 0.21354166666666666
0 0.768798828125 0.5680338541666666 0.04248046875 0.08658854166666667
0 0.640380859375 0.5416666666666666 0.04248046875 0.046875
0 0.075927734375 0.7861328125 0.06298828125 0.126953125
0 0.1083984375 0.6585286458333334 0.048828125 0.06705729166666667
0 0.036376953125 0.5647786458333334 0.06201171875 0.068359375
0 0.1640625 0.5423177083333334 0.0341796875 0.046875
0 0.139892578125 0.4274088541666667 0.06201171875 0.16341145833333334
0 0.119873046875 0.5309244791666666 0.02978515625 0.056640625
0 0.352783203125 0.56640625 0.04443359375 0.17057291666666666
0 0.421142578125 0.5358072916666666 0.06982421875 0.15885416666666666
0 0.494873046875 0.5550130208333334 0.06982421875 0.119140625
0 0.5341796875 0.5084635416666666 0.041015625 0.08333333333333333
0 0.595458984375 0.4856770833333333 0.06396484375 0.08203125
0 0.59033203125 0.412109375 0.0400390625 0.10546875
0 0.40625 0.4527994791666667 0.056640625 0.060546875
