0 0.29248046875 0.4717948717948718 0.0283203125 0.060073260073260075
0 0.2431640625 0.39816849816849814 0.0517578125 0.19413919413919414
0 0.3349609375 0.4901098901098901 0.0537109375 0.126007326007326
0 0.564208984375 0.47216117216117215 0.04052734375 0.05201465201465202
0 0.3740234375 0.35201465201465204 0.0458984375 0.07252747252747253
0 0.408447265625 0.3802197802197802 0.08642578125 0.16996336996336997
0 0.402587890625 0.2564102564102564 0.10498046875 0.09963369963369964
0 0.47900390625 0.35494505494505496 0.04296875 0.08278388278388278
0 0.71044921875 0.3131868131868132 0.083984375 0.1956043956043956
0 0.79150390625 0.25164835164835164 0.091796875 0.12673992673992673
0 0.706787109375 0.4783882783882784 0.05419921875 0.1597069597069597
0 0.737060546875 0.5351648351648352 0.04931640625 0.1663003663003663
0 0.8671875 0.7267399267399267 0.0517578125 0.12893772893772895
0 0.801513671875 0.5553113553113553 0.03759765625 0.06446886446886448
0 0.766845703125 0.4073260073260073 0.05029296875 0.10256410256410256
0 0.823974609375 0.3978021978021978 0.04736328125 0.10842490842490843
0 0.91357421875 0.3956043956043956 0.0654296875 0.20512820512820512
0 0.9677734375 0.6355311355311355 0.0634765625 0.1443223443223443
0 0.962158203125 0.46703296703296704 0.07470703125 0.15018315018315018
0 0.97119140625 0.3454212454212454 0.056640625 0.14725274725274726
