0 0.113525390625 0.495970695970696 0.05517578125 0.1347985347985348
0 0.15625 0.4901098901098901 0.0322265625 0.05567765567765568
0 0.133056640625 0.31978021978021975 0.04443359375 0.07252747252747253
0 0.032958984375 0.40586080586080586 0.06591796875 0.10989010989010989
0 0.63037109375 0.5073260073260073 0.0390625 0.09010989010989011
0 0.586669921875 0.5091575091575091 0.03759765625 0.12014652014652015
0 0.45654296875 0.3161172161172161 0.056640625 0.14725274725274726
0 0.296875 0.2904761904761905 0.0546875 0.18974358974358974
0 0.208251953125 0.21135531135531135 0.07470703125 0.136996336996337
0 0.211181640625 0.2937728937728938 0.03466796875 0.07326007326007326
0 0.16357421875 0.28717948717948716 0.03125 0.05128205128205128
0 0.4169921875 0.319047619047619 0.029296875 0.073992673992674
0 0.374755859375 0.22197802197802197 0.04736328125 0.1772893772893773
0 0.3193359375 0.382051282051282 0.0439453125 0.08278388278388278
0 0.103759765625 0.43626373626373627 0.03662109375 0.06813186813186813
0 0.804931640625 0.3934065934065934 0.07763671875 0.1304029304029304
0 0.74365234375 0.5021978021978022 0.0927734375 0.0652014652014652
0 0.96435546875 0.39157509157509157 0.046875 0.11355311355311355
0 0.91748046875 0.373992673992674 0.0703125 0.17362637362637362
