0 0.678955078125 0.7906901041666666 0.05517578125 0.09049479166666667
0 0.432373046875 0.8424479166666666 0.05517578125 0.06770833333333333
0 0.030029296875 0.5224609375 0.04833984375 0.068359375
0 0.050048828125 0.478515625 0.07568359375 0.0859375
0 0.302734375 0.5006510416666666 0.060546875 0.16276041666666666
0 0.244873046875 0.4729817708333333 0.08349609375 0.19466145833333334
0 0.266357421875 0.30859375 0.10107421875 0.23958333333333334
0 0.3955078125 0.4270833333333333 0.0908203125 0.20963541666666666
0 0.434814453125 0.5110677083333334 0.07080078125 0.08723958333333333
0 0.461181640625 0.6920572916666666 0.06005859375 0.13411458333333334
0 0.50146484375 0.6546223958333334 0.072265625 0.10091145833333333
0 0.53466796875 0.5501302083333334 0.06640625 0.19140625
0 0.539794921875 0.396484375 0.09326171875 0.11979166666666667
0 0.623779296875 0.4378255208333333 0.06298828125 0.208984375
0 0.723876953125 0.6031901041666666 0.05029296875 0.08919270833333333
0 0.70751953125 0.4602864583333333 0.072265625 0.09765625
0 0.73291015625 0.5615234375 0.0927734375 0.142578125
