0 0.688720703125 0.5921223958333334 0.06494140625 0.14127604166666666
0 0.816650390625 0.5400390625 0.05126953125 0.13216145833333334
0 0.782470703125 0.6272786458333334 0.04150390625 0.051432291666666664
0 0.843017578125 0.6145833333333334 0.06396484375 0.09505208333333333
0 0.892578125 0.7688802083333334 0.044921875 0.10677083333333333
0 0.66845703125 0.7076822916666666 0.0 0.0013020833333333333
0 0.6455078125 0.6419270833333334 0.0517578125 0.14973958333333334
0 0.490966796875 0.6106770833333334 0.08251953125 0.15755208333333334
0 0.5263671875 0.5029296875 0.0625 0.146484375
0 0.5263671875 0.6009114583333334 0.03515625 0.07421875
0 0.34423828125 0.6731770833333334 0.0615234375 0.059895833333333336
0 0.2978515625 0.6611328125 0.0380859375 0.07356770833333333
0 0.16796875 0.5166015625 0.0478515625 0.057942708333333336
0 0.038818359375 0.509765625 0.06298828125 0.15104166666666666
0 0.05859375 0.3502604166666667 0.1083984375 0.16015625
0 0.261962890625 0.4736328125 0.06591796875 0.15169270833333334
0 0.41650390625 0.5035807291666666 0.12109375 0.07747395833333333
0 0.35302734375 0.4889322916666667 0.0419921875 0.052083333333333336
0 0.73681640625 0.6780598958333334 0.03125 0.099609375
0 0.727783203125 0.6061197916666666 0.02880859375 0.08072916666666667
0 0.258544921875 0.353515625 0.09130859375 0.046875
0 0.2001953125 0.3916015625 0.1181640625 0.095703125
0 0.307861328125 0.4622395833333333 0.04248046875 0.109375
