0 0.60205078125 0.4142857142857143 0.078125 0.15018315018315018
0 0.5595703125 0.5249084249084249 0.064453125 0.12380952380952381
0 0.4052734375 0.6091575091575091 0.0498046875 0.06813186813186813
0 0.395751953125 0.48827838827838826 0.07177734375 0.08717948717948718
0 0.458740234375 0.46593406593406594 0.11474609375 0.126007326007326
0 0.4560546875 0.40805860805860805 0.03125 0.04542124542124542
0 0.16845703125 0.6124542124542125 0.052734375 0.08937728937728938
0 0.028564453125 0.47326007326007324 0.04833984375 0.10402930402930403
0 0.16064453125 0.49230769230769234 0.0439453125 0.12161172161172161
0 0.200439453125 0.47509157509157507 0.05810546875 0.16336996336996337
0 0.174560546875 0.38351648351648354 0.06201171875 0.0945054945054945
0 0.265869140625 0.5142857142857142 0.04248046875 0.147985347985348
0 0.298583984375 0.6036630036630036 0.03662109375 0.03663003663003663
0 0.740478515625 0.49340659340659343 0.05322265625 0.16776556776556775
0 0.859130859375 0.6168498168498169 0.06103515625 0.1010989010989011
0 0.8271484375 0.5315018315018315 0.0771484375 0.06813186813186813
0 0.832275390625 0.43223443223443225 0.08251953125 0.12747252747252746
0 0.8974609375 0.34065934065934067 0.0625 0.14358974358974358
0 0.95458984375 0.3728937728937729 0.0498046875 0.14652014652014653
0 0.89013671875 0.5091575091575091 0.0595703125 0.17875457875457876
