0 0.335693359375 0.5641025641025641 0.06494140625 0.08351648351648351
0 0.113037109375 0.5967032967032967 0.07666015625 0.20293040293040293
0 0.20361328125 0.48717948717948717 0.087890625 0.11575091575091576
0 0.192138671875 0.5706959706959707 0.05712890625 0.09084249084249084
0 0.060546875 0.41794871794871796 0.0498046875 0.2043956043956044
0 0.01904296875 0.4443223443223443 0.0380859375 0.11501831501831501
0 0.346923828125 0.3989010989010989 0.03662109375 0.0652014652014652
0 0.313720703125 0.367032967032967 0.07568359375 0.14652014652014653
0 0.462890625 0.4644688644688645 0.06640625 0.13186813186813187
0 0.418212890625 0.4142857142857143 0.07080078125 0.20146520146520147
0 0.385498046875 0.3201465201465201 0.05615234375 0.07765567765567766
0 0.513427734375 0.30146520146520145 0.06494140625 0.12087912087912088
0 0.458740234375 0.21245421245421245 0.13134765625 0.12307692307692308
0 0.47900390625 0.1446886446886447 0.0673828125 0.07106227106227106
0 0.593994140625 0.6172161172161172 0.06201171875 0.1282051282051282
0 0.661865234375 0.45274725274725275 0.07861328125 0.1728937728937729
0 0.607666015625 0.4256410256410256 0.05419921875 0.1347985347985348
0 0.7998046875 0.6798534798534799 0.0712890625 0.2153846153846154
0 0.798828125 0.36813186813186816 0.056640625 0.11208791208791209
0 0.8330078125 0.42344322344322344 0.0537109375 0.15384615384615385
0 0.8896484375 0.45054945054945056 0.0673828125 0.15384615384615385
0 0.9775390625 0.426007326007326 0.0439453125 0.10036630036630037
0 0.824951171875 0.2824175824175824 0.12939453125 0.17216117216117216
0 0.96240234375 0.2937728937728938 0.07421875 0.12893772893772895
0 0.212890625 0.3783882783882784 0.10546875 0.16043956043956045
