0 0.32666015625 0.610989010989011 0.0556640625 0.0967032967032967
0 0.0224609375 0.25824175824175827 0.044921875 0.1956043956043956
0 0.06884765625 0.41904761904761906 0.0869140625 0.18168498168498168
0 0.141357421875 0.4014652014652015 0.05615234375 0.1509157509157509
0 0.1142578125 0.2684981684981685 0.0419921875 0.10329670329670329
0 0.070556640625 0.3054945054945055 0.07666015625 0.10402930402930403
0 0.223876953125 0.4717948717948718 0.07958984375 0.13186813186813187
0 0.2060546875 0.4388278388278388 0.068359375 0.1010989010989011
0 0.2841796875 0.43553113553113554 0.0634765625 0.2
0 0.322265625 0.3065934065934066 0.056640625 0.10036630036630037
0 0.3271484375 0.40402930402930404 0.037109375 0.11501831501831501
0 0.337158203125 0.5216117216117216 0.05029296875 0.07032967032967033
0 0.3740234375 0.44761904761904764 0.0537109375 0.1304029304029304
0 0.457763671875 0.4655677655677656 0.04052734375 0.10329670329670329
0 0.491943359375 0.484981684981685 0.03955078125 0.09230769230769231
0 0.549072265625 0.4106227106227106 0.04248046875 0.11941391941391942
0 0.578369140625 0.41245421245421243 0.03466796875 0.1509157509157509
0 0.54345703125 0.2098901098901099 0.029296875 0.035897435897435895
0 0.500732421875 0.19853479853479852 0.04736328125 0.0761904761904762
0 0.442626953125 0.12417582417582418 0.04638671875 0.0695970695970696
0 0.707763671875 0.46776556776556777 0.04150390625 0.05787545787545788
0 0.74755859375 0.48021978021978023 0.044921875 0.060805860805860805
0 0.6220703125 0.2304029304029304 0.0478515625 0.06666666666666667
0 0.66455078125 0.3315018315018315 0.0458984375 0.1413919413919414
0 0.662353515625 0.2216117216117216 0.06591796875 0.11941391941391942
0 0.753662109375 0.24468864468864468 0.05517578125 0.05567765567765568
0 0.862548828125 0.3824175824175824 0.06298828125 0.1391941391941392
0 0.861572265625 0.26666666666666666 0.07177734375 0.11282051282051282
0 0.84375 0.1391941391941392 0.076171875 0.06446886446886448
0 0.90625 0.3362637362637363 0.0400390625 0.08498168498168499
0 0.91748046875 0.4336996336996337 0.0498046875 0.12893772893772895
0 0.970458984375 0.48534798534798534 0.05224609375 0.0989010989010989
0 0.9501953125 0.28424908424908424 0.0498046875 0.1641025641025641
0 0.98193359375 0.3564102564102564 0.0341796875 0.14285714285714285
