0 0.214599609375 0.6234432234432234 0.04931640625 0.12454212454212454
0 0.2783203125 0.4948717948717949 0.05859375 0.17216117216117216
0 0.407470703125 0.3673992673992674 0.06591796875 0.19267399267399268
0 0.46533203125 0.5054945054945055 0.0556640625 0.20659340659340658
0 0.64990234375 0.6494505494505495 0.05078125 0.1282051282051282
0 0.743408203125 0.6102564102564103 0.04150390625 0.12307692307692308
0 0.811279296875 0.593040293040293 0.05029296875 0.16043956043956045
0 0.86083984375 0.6505494505494506 0.056640625 0.16117216117216118
0 0.90966796875 0.6128205128205129 0.072265625 0.0652014652014652
0 0.896728515625 0.5091575091575091 0.05029296875 0.14358974358974358
0 0.92138671875 0.40915750915750915 0.0537109375 0.12967032967032968
0 0.531005859375 0.49633699633699635 0.05712890625 0.15164835164835164
0 0.420654296875 0.5293040293040293 0.03662109375 0.06666666666666667
0 0.326416015625 0.33186813186813185 0.08740234375 0.2857142857142857
0 0.028076171875 0.3007326007326007 0.05517578125 0.13406593406593406
0 0.06396484375 0.4227106227106227 0.0400390625 0.08205128205128205
0 0.1220703125 0.41611721611721614 0.0673828125 0.13333333333333333
0 0.13525390625 0.5227106227106227 0.0615234375 0.0652014652014652
0 0.662841796875 0.6047619047619047 0.05029296875 0.15311355311355312
0 0.693359375 0.5065934065934066 0.0537109375 0.1282051282051282
