0 0.552001953125 0.7285714285714285 0.06787109375 0.10622710622710622
0 0.501708984375 0.7531135531135531 0.05029296875 0.10256410256410256
0 0.3994140625 0.7670329670329671 0.0908203125 0.17582417582417584
0 0.3408203125 0.3663003663003663 0.1435546875 0.26373626373626374
0 0.19580078125 0.5318681318681319 0.212890625 0.17582417582417584
0 0.34521484375 0.6373626373626373 0.1435546875 0.30622710622710625
0 0.29345703125 0.7410256410256411 0.1318359375 0.31135531135531136
0 0.10888671875 0.4062271062271062 0.0654296875 0.2673992673992674
0 0.07373046875 0.5534798534798535 0.0634765625 0.16336996336996337
0 0.193115234375 0.3391941391941392 0.09326171875 0.24175824175824176
0 0.9150390625 0.3978021978021978 0.1689453125 0.4146520146520147
0 0.82666015625 0.4816849816849817 0.076171875 0.2644688644688645
