0 0.036376953125 0.7556776556776557 0.06591796875 0.17362637362637362
0 0.111572265625 0.5714285714285714 0.06201171875 0.20366300366300366
0 0.322998046875 0.6326007326007326 0.09130859375 0.3934065934065934
0 0.408447265625 0.5062271062271062 0.11962890625 0.4351648351648352
0 0.46435546875 0.7252747252747253 0.05859375 0.3120879120879121
0 0.490478515625 0.5377289377289377 0.07861328125 0.16703296703296702
0 0.627197265625 0.4897435897435897 0.14990234375 0.3523809523809524
0 0.66748046875 0.33003663003663003 0.1259765625 0.14871794871794872
0 0.60986328125 0.5271062271062271 0.083984375 0.21172161172161172
0 0.5888671875 0.2838827838827839 0.0703125 0.1443223443223443
