0 0.3603515625 0.46886446886446886 0.1474609375 0.441025641025641
0 0.4130859375 0.8124542124542125 0.1240234375 0.37362637362637363
0 0.520263671875 0.6153846153846154 0.10107421875 0.2622710622710623
0 0.49658203125 0.26263736263736265 0.138671875 0.432967032967033
0 0.9765625 0.8952380952380953 0.0458984375 0.12747252747252746
0 0.87548828125 0.743956043956044 0.072265625 0.3010989010989011
0 0.702392578125 0.510989010989011 0.08544921875 0.2893772893772894
0 0.845458984375 0.13626373626373625 0.08447265625 0.22857142857142856
0 0.7744140625 0.6604395604395604 0.1123046875 0.34212454212454213
0 0.76806640625 0.4073260073260073 0.099609375 0.2315018315018315
