0 0.4443359375 0.5655677655677656 0.0771484375 0.2945054945054945
0 0.216796875 0.5769230769230769 0.06640625 0.1575091575091575
0 0.052978515625 0.554945054945055 0.07275390625 0.1413919413919414
0 0.021240234375 0.5597069597069597 0.04150390625 0.26373626373626374
0 0.377197265625 0.3978021978021978 0.07275390625 0.15677655677655677
0 0.5869140625 0.5816849816849817 0.052734375 0.10842490842490843
0 0.815673828125 0.33992673992673994 0.07666015625 0.3663003663003663
0 0.90087890625 0.9062271062271062 0.0771484375 0.15384615384615385
0 0.885498046875 0.46996336996336996 0.06787109375 0.29084249084249086
0 0.897216796875 0.2021978021978022 0.03369140625 0.19194139194139195
