0 0.538330078125 0.7230769230769231 0.10791015625 0.3956043956043956
0 0.433349609375 0.6201465201465202 0.10009765625 0.34505494505494505
0 0.7177734375 0.3080586080586081 0.0751953125 0.3465201465201465
0 0.843505859375 0.6296703296703297 0.08447265625 0.29523809523809524
0 0.839599609375 0.32454212454212455 0.09814453125 0.3252747252747253
0 0.934814453125 0.12051282051282051 0.12939453125 0.13113553113553114
0 0.915283203125 0.5029304029304029 0.07177734375 0.3010989010989011
0 0.171142578125 0.336996336996337 0.16064453125 0.31794871794871793
0 0.193115234375 0.4545787545787546 0.10693359375 0.24981684981684982
0 0.2529296875 0.3087912087912088 0.140625 0.17362637362637362
