0 0.03466796875 0.3344322344322344 0.068359375 0.3098901098901099
0 0.137451171875 0.4989010989010989 0.13037109375 0.29304029304029305
0 0.271240234375 0.643956043956044 0.14599609375 0.1934065934065934
0 0.541748046875 0.591941391941392 0.06884765625 0.1728937728937729
0 0.40673828125 0.5706959706959707 0.15625 0.1391941391941392
0 0.637939453125 0.42014652014652015 0.06396484375 0.3010989010989011
0 0.733154296875 0.3523809523809524 0.09423828125 0.3208791208791209
0 0.95166015625 0.34908424908424907 0.095703125 0.24981684981684982
0 0.818359375 0.5523809523809524 0.11328125 0.1684981684981685
0 0.96435546875 0.652014652014652 0.068359375 0.3018315018315018
0 0.76318359375 0.5652014652014652 0.0595703125 0.28498168498168497
0 0.9072265625 0.6172161172161172 0.107421875 0.3758241758241758
0 0.849853515625 0.7963369963369963 0.06396484375 0.1509157509157509
