0 0.748291015625 0.5567765567765568 0.07080078125 0.14945054945054945
0 0.94189453125 0.5813186813186814 0.07421875 0.15897435897435896
0 0.60693359375 0.710989010989011 0.0771484375 0.306959706959707
0 0.344482421875 0.7373626373626374 0.08642578125 0.306959706959707
0 0.40087890625 0.6432234432234433 0.080078125 0.2549450549450549
0 0.19384765625 0.4717948717948718 0.0703125 0.19633699633699633
0 0.17626953125 0.7915750915750915 0.0771484375 0.2835164835164835
0 0.067138671875 0.8531135531135531 0.09033203125 0.2923076923076923
0 0.070068359375 0.5494505494505495 0.09423828125 0.3120879120879121
0 0.192626953125 0.11721611721611722 0.06982421875 0.23296703296703297
0 0.130859375 0.28717948717948716 0.0908203125 0.16556776556776556
0 0.102294921875 0.13846153846153847 0.10009765625 0.2754578754578755
0 0.620361328125 0.4597069597069597 0.07470703125 0.11501831501831501
0 0.693115234375 0.5472527472527473 0.06103515625 0.2827838827838828
0 0.615966796875 0.35494505494505496 0.06396484375 0.1575091575091575
