0 0.447265625 0.6274725274725275 0.0888671875 0.3553113553113553
0 0.209228515625 0.580952380952381 0.08349609375 0.2549450549450549
0 0.124267578125 0.3992673992673993 0.06103515625 0.13626373626373625
0 0.24072265625 0.28644688644688643 0.1337890625 0.273992673992674
0 0.16015625 0.5706959706959707 0.029296875 0.17875457875457876
0 0.275634765625 0.6446886446886447 0.04833984375 0.054212454212454214
0 0.379150390625 0.604029304029304 0.05224609375 0.08571428571428572
0 0.712890625 0.6498168498168498 0.1005859375 0.2989010989010989
0 0.683837890625 0.4197802197802198 0.04345703125 0.17582417582417584
0 0.73486328125 0.32893772893772893 0.09375 0.3457875457875458
0 0.93115234375 0.46703296703296704 0.0947265625 0.30842490842490844
0 0.987548828125 0.489010989010989 0.02294921875 0.21025641025641026
0 0.41064453125 0.3432234432234432 0.1005859375 0.1326007326007326
