0 0.633056640625 0.6025641025641025 0.14404296875 0.4593406593406593
0 0.507080078125 0.6201465201465202 0.08740234375 0.2967032967032967
0 0.370849609375 0.7575091575091575 0.08642578125 0.36043956043956044
0 0.03857421875 0.8633699633699634 0.076171875 0.12967032967032968
0 0.17333984375 0.7531135531135531 0.0908203125 0.24468864468864468
0 0.020751953125 0.7062271062271063 0.04052734375 0.18168498168498168
0 0.303466796875 0.7754578754578755 0.06103515625 0.1794871794871795
0 0.24267578125 0.6494505494505495 0.0732421875 0.1457875457875458
0 0.672119140625 0.32161172161172163 0.17919921875 0.4424908424908425
0 0.516845703125 0.2139194139194139 0.09326171875 0.41318681318681316
0 0.25146484375 0.3838827838827839 0.125 0.4205128205128205
0 0.1103515625 0.20586080586080585 0.08984375 0.28717948717948716
0 0.89306640625 0.5164835164835165 0.0986328125 0.35311355311355314
0 0.979736328125 0.48937728937728936 0.03857421875 0.16556776556776556
0 0.9814453125 0.789010989010989 0.03515625 0.28424908424908424
0 0.940673828125 0.7113553113553114 0.08837890625 0.2989010989010989
0 0.424560546875 0.6893772893772894 0.05615234375 0.32673992673992674
