0 0.211181640625 0.5380952380952381 0.09912109375 0.3391941391941392
0 0.724609375 0.48644688644688644 0.1162109375 0.3575091575091575
0 0.650634765625 0.43956043956043955 0.08740234375 0.3194139194139194
0 0.600830078125 0.46153846153846156 0.10693359375 0.5069597069597069
0 0.883056640625 0.0945054945054945 0.06396484375 0.1684981684981685
0 0.76904296875 0.19743589743589743 0.0830078125 0.11062271062271062
0 0.095458984375 0.5684981684981685 0.09912109375 0.3282051282051282
0 0.0537109375 0.4289377289377289 0.0927734375 0.2937728937728938
0 0.17138671875 0.615018315018315 0.0576171875 0.24395604395604395
0 0.910400390625 0.44761904761904764 0.17822265625 0.3120879120879121
0 0.9052734375 0.6468864468864469 0.0458984375 0.0761904761904762
