0 0.16064453125 0.8750915750915751 0.072265625 0.2468864468864469
0 0.3798828125 0.7091575091575092 0.0654296875 0.18754578754578755
0 0.314453125 0.5578754578754579 0.0830078125 0.3333333333333333
0 0.207763671875 0.3641025641025641 0.06005859375 0.2490842490842491
0 0.387939453125 0.5293040293040293 0.05224609375 0.1413919413919414
0 0.568359375 0.6952380952380952 0.0703125 0.24322344322344322
0 0.496337890625 0.567032967032967 0.05224609375 0.10842490842490843
0 0.53076171875 0.6655677655677655 0.0400390625 0.10622710622710622
0 0.73193359375 0.5021978021978022 0.056640625 0.22637362637362637
0 0.816650390625 0.5322344322344322 0.05224609375 0.21611721611721613
0 0.85888671875 0.5586080586080586 0.0673828125 0.2571428571428571
