0 0.6689453125 0.6593406593406593 0.1044921875 0.4249084249084249
0 0.566162109375 0.4945054945054945 0.09423828125 0.15824175824175823
0 0.743896484375 0.6772893772893773 0.05419921875 0.136996336996337
0 0.96875 0.6531135531135531 0.0595703125 0.18095238095238095
0 0.2587890625 0.5794871794871795 0.0458984375 0.14358974358974358
0 0.17626953125 0.37032967032967035 0.078125 0.3010989010989011
0 0.334228515625 0.5069597069597069 0.10400390625 0.3882783882783883
0 0.38525390625 0.39377289377289376 0.06640625 0.2673992673992674
0 0.12744140625 0.5190476190476191 0.103515625 0.34798534798534797
0 0.053466796875 0.45714285714285713 0.09033203125 0.126007326007326
0 0.03564453125 0.33406593406593404 0.0712890625 0.22124542124542124
0 0.24365234375 0.3054945054945055 0.0224609375 0.07179487179487179
